AP=0.814834
AP=0.750779
AP=0.679879
