AP=0.933217
AP=0.874944
AP=0.788452
