AP=0.86079
AP=0.85716
AP=0.785396
